

2-4. 연결 현금흐름표

연결 현금흐름표

제 25 기 2025.01.01 부터 2025.12.31 까지

제 24 기 2024.01.01 부터 2024.12.31 까지

제 23 기 2023.01.01 부터 2023.12.31 까지

(단위 : 원)

제 25 기

제 24 기

제 23 기

영업활동현금흐름

20,650,775,397

272,460,486

(268,190,104)

당기순이익(손실)

18,886,570,777

7,562,687,681

(4,410,613,010)

당기순이익조정을 위한 가감

(792,532,533)

675,018,042

3,449,826,420

법인세비용 조정

(4,071,777,583)

(1,880,907,185)

감가상각비에 대한 조정

1,608,544,594

1,492,788,782

1,582,590,465

사용권자산상각비

359,384,952

139,202,868

211,966,572

무형자산상각비에 대한 조정

1,103,109

4,990,809

6,115,610

대손상각비 조정

2,891,234

337,951,346

1,000,134

기타의 대손상각비 조정

(1,969,061)

(1,671,846)

(2,392,267)

유형자산처분손실 조정

8,000

9,000

8,333

이자비용 조정

329,134,429

413,119,828

413,391,205

외화환산손실 조정

25,396,079

5,429,829

55,291,397

재고자산평가손실 조정

(94,241,674)

(971,362,861)

66,743,141

재고자산폐기손실

1,187,989,142

1,288,500,708

1,168,161,932

장기종업원급여

26,245,109

(49,352,836)

29,623,498

파생상품거래손실

915,535,858

유형자산처분이익 조정

(2,999,000)

이자수익에 대한 조정

(142,203,277)

(39,401,879)

(33,785,032)

외화환산이익 조정

(1,185,743)

(61,279,521)

(33,044,426)

리스해지이익

(21,851,843)

외환차익(금융수익)

(931,380,000)

영업활동으로 인한 자산 부채의 변동

2,960,721,032

(7,586,323,579)

1,122,441,586

매출채권의 감소(증가)

6,220,453,385

(9,398,467,427)

70,190,092

미수금의 감소(증가)

32,526,583

(11,023,009)

(4,819,740)

재고자산의 감소(증가)

(5,374,311,545)

(3,735,538,423)

(144,142,622)

기타유동자산의 감소(증가) 조정

(87,548,469)

616,535,706

(303,039,777)

매입채무의 증가(감소)

2,261,905,956

2,089,351,612

607,635,865

미지급금의 증가(감소)

203,411,152

1,200,102,415

32,007,704

기타유동금융부채의 증가(감소)

626,679,855

430,160,723

209,355,060

기타유동부채의 증가(감소)

(919,395,884)

1,228,554,824

663,255,004

기타비유동부채의 증가(감소)

(3,000,001)

(6,000,000)

(8,000,000)

영업활동으로 분류된 이자수취

130,058,785

39,401,879

69,588,236

이자지급(영업)

(331,975,531)

(417,416,399)

(499,944,616)

법인세환급(납부)

(202,067,133)

(907,138)

511,280

투자활동현금흐름

(3,388,816,636)

(1,518,655,130)

1,770,647,676

대여금의 감소

9,374,870

12,500,040

단기금용상품의 감소

2,534,600,000

임차보증금의 증가

(713,000,000)

(170,000,000)

임차보증금의 감소

8,000,000

290,000,000

65,000,000

유형자산의 취득

(2,670,976,236)

(1,651,030,000)

(841,452,364)

유형자산의 처분

3,000,000

무형자산의 취득

(12,840,400)

재무활동현금흐름

(5,288,777,068)

817,795,892

(3,166,730,000)

유상 증자

3,000,001,960

단기차입금의 증가

500,000,000

5,800,000,000

7,000,000,000

단기차입금의 상환

(5,500,000,000)

(7,800,000,000)

단기리스부채의 상환

(288,777,068)

(182,206,068)

(199,330,000)

유동성장기부채(사채)의 상환

(9,967,400,000)

현금및현금성자산에 대한 환율변동효과

(18,799,681)

9,464,953

(16,533,006)

재무제표의 환산으로 인한 조정

2,421,967

35,740,130

(119,330)

현금및현금성자산의순증가(감소)

11,956,803,979

(383,193,669)

(1,680,924,764)

기초현금및현금성자산

1,289,836,138

1,673,029,807

3,353,954,571

기말현금및현금성자산

13,246,640,117

1,289,836,138

1,673,029,807

